function cmap = cblindmap
  cmap = [
    0 114 188;
    241 90 34;
    0 168 117;
    0 185 242;
    247 148 29;
    218 111 171;
    236 222 56;
    0 0 0]/255;
end